1 0.162162 0.371429 0.205882 0.130435 0.772727 0.0576923 0.0296296 0.0789474 0.0254237 1 1 0.153846 0.170732 1 0.186047 0.176471 0.0487805 0.354839 0.0325203 0.0545455 0.0252101 0.0757576 1 0.0327869 0.148148 1 0.0241935 0.0380952 0.0735294 0.158416 0.0384615 0.0218978 0.941176 0.025641 0.695652 0.108108 0.0652174 0.130435 0.941176 0.0245902 0.139535 0.190476 0.0434783 0.157895 0.326923 0.036036 1 0.0869565 0.8 0.274194 0.283333 0.024 0.128205 0.652174 0.0909091 0.06 0.25 0.0757576 0.761905 0.031746 0.15 0.0746269 0.04 0.888889 0.0625 0.181818 1 0.0245902 0.1 0.25 0.025 0.0714286 0.202532 0.0652174 0.153846 0.0652174 0.05 0.148148 0.0952381 0.166667 0.133333 0.365854 0.136364 0.0735294 0.0793651 0.46875 0.190476 0.136364 1 0.246377 0.040404 1 1 0.695652 0.772727 0.0307692 0.314286 0.0606061 0.0666667 0.309091 0.0377358 1 0.298246 0.24 0.73913 0.136752 0.1875 0.944444 0.0576923 0.2 0.325581 0.157895 0.0652174 0.0681818 0.136364 0.0508475 0.298246 0.0576923 0.142857 0.140187 1 0.0491803 0.130435 0.326923 0.0508475 0.05 0.333333 0.15 0.111111 0.113636 0.210526 0.106383 0.253968 0.125 0.809524 0.131579 0.153846 0.16 0.8 0.133333 0.119048 0.09375 0.133333 0.0612245 0.0652174 0.0681818 0.325581 0.0714286 0.119048 0.151515 0.15625 0.319149 0.0810811 0.1 0.0555556 0.85 0.0222222 0.809524 0.15 0.944444 0.05 0.944444 0.944444 0.097561 0.53125 0.944444 0.125 0.130435 0.0566038 0.0576923 0.214286 0.05 0.153061 0.113208 0.0576923 0.0535714 0.142857 0.108696 0.85 0.166667 0.136364 0.944444 0.147059 0.103448 0.0555556 1 0.441176 
0.162162 1 0.5 0.0705882 0.166667 0.142857 0.0491803 0.0206897 0.315789 0.023622 0.162162 0.162162 0.0487805 0.23913 0.162162 0.0571429 0.115385 0.043956 0.645161 0.0225564 0.046875 0.0314961 0.038961 0.162162 0.0227273 0.0810811 0.162162 0.0381679 0.026087 0.0379747 0.05 0.0344828 0.0275862 0.166667 0.0238095 0.142857 0.0638298 0.0545455 0.742857 0.166667 0.0229008 0.318182 0.0582524 0.0294118 0.107143 0.0833333 0.0247934 0.162162 0.255319 0.153846 0.0731707 0.075 0.0223881 0.104167 0.146341 0.266667 0.0508475 0.0804598 0.038961 0.15 0.0296296 0.103448 0.0384615 0.0272727 0.162162 0.0526316 0.0638298 0.162162 0.0229008 0.0816327 0.0804598 0.0232558 0.0588235 0.0612245 0.0545455 0.0833333 0.0545455 0.0434783 0.142857 0.0631579 0.111111 0.0431655 0.413043 0.0967742 0.0379747 0.0405405 0.12 0.0967742 0.340909 0.162162 0.0795455 0.0275229 0.162162 0.162162 0.142857 0.142857 0.0214286 0.774194 0.0394737 0.0555556 0.08 0.0258621 0.162162 0.0779221 0.42 0.139535 0.0441176 0.0612245 0.157895 0.0491803 0.1 0.1 0.107143 0.0545455 0.0769231 0.172414 0.0441176 0.0779221 0.0491803 0.325581 0.048 0.162162 0.0428571 0.166667 0.0833333 0.267857 0.0434783 0.0952381 0.103448 0.0833333 0.0943396 0.103448 0.0892857 0.0731707 0.125 0.146341 0.0454545 0.255814 0.0857143 0.153846 0.075 0.0980392 0.0731707 0.075 0.0517241 0.0545455 0.272727 0.1 0.210526 0.142857 0.46875 0.0526316 0.0923077 0.324324 0.0769231 0.0645161 0.15 0.027972 0.146341 0.103448 0.157895 0.0434783 0.157895 0.157895 0.0645161 0.115385 0.157895 0.0909091 0.166667 0.27451 0.0491803 0.34375 0.0434783 0.0517241 0.0967742 0.0666667 0.259259 0.325581 0.0909091 0.15 0.111111 0.685714 0.157895 0.05 0.138889 0.0819672 0.162162 0.526316 
0.371429 0.5 1 0.170732 0.111111 0.325 0.0615385 0.0337838 0.25 0.0384615 0.371429 0.371429 0.116667 0.291667 0.371429 0.137255 0.0967742 0.0752688 0.75 0.0444444 0.0588235 0.0461538 0.0365854 0.371429 0.0447761 0.097561 0.371429 0.0444444 0.0603448 0.0357143 0.119658 0.0555556 0.0405405 0.382353 0.0387597 0.325 0.0784314 0.0677966 0.404255 0.382353 0.0373134 0.235294 0.14 0.0576923 0.0909091 0.202899 0.0487805 0.371429 0.254902 0.351351 0.177215 0.181818 0.0364964 0.137255 0.333333 0.265306 0.0634921 0.178571 0.0365854 0.342105 0.0510949 0.0882353 0.0487805 0.0630631 0.371429 0.0483871 0.153846 0.371429 0.0373134 0.115385 0.178571 0.0378788 0.0535714 0.147368 0.0677966 0.1 0.05 0.0547945 0.125 0.0927835 0.09375 0.111111 0.75 0.0833333 0.0357143 0.0379747 0.297872 0.114286 0.230769 0.371429 0.176471 0.0446429 0.371429 0.371429 0.325 0.325 0.0422535 0.666667 0.037037 0.0508475 0.194444 0.0598291 0.371429 0.189189 0.583333 0.317073 0.113636 0.147368 0.361111 0.0615385 0.117647 0.245614 0.0909091 0.0677966 0.0701754 0.114286 0.0555556 0.189189 0.0615385 0.24 0.123967 0.371429 0.0540541 0.111111 0.202899 0.266667 0.0547945 0.213115 0.0882353 0.0731707 0.0862069 0.121212 0.118644 0.177215 0.111111 0.333333 0.117188 0.255319 0.102564 0.351351 0.0909091 0.12963 0.0652174 0.0909091 0.0645161 0.0677966 0.22 0.224138 0.298246 0.12963 0.3 0.136364 0.225806 0.255814 0.0681818 0.0597015 0.342105 0.0410959 0.333333 0.0882353 0.361111 0.0547945 0.361111 0.361111 0.0833333 0.26 0.361111 0.0789474 0.111111 0.296296 0.0615385 0.411765 0.0547945 0.133929 0.123077 0.0615385 0.280702 0.24 0.0833333 0.342105 0.09375 0.422222 0.361111 0.12931 0.0952381 0.0757576 0.371429 0.702703 
0.205882 0.0705882 0.170732 1 0.0422535 0.191781 0.271605 0.154321 0.0348837 0.165517 0.205882 0.205882 0.46087 0.0786517 0.205882 0.578947 0.0461538 0.196429 0.139241 0.166667 0.261905 0.164384 0.0530973 0.205882 0.167785 0.0533333 0.205882 0.15894 0.189394 0.0521739 0.5 0.252427 0.153374 0.208955 0.166667 0.191781 0.0595238 0.293333 0.0638298 0.208955 0.161074 0.0659341 0.525773 0.190083 0.0447761 0.135922 0.189781 0.205882 0.0537634 0.2 0.123894 0.126126 0.157895 0.108434 0.194444 0.0549451 0.328947 0.166667 0.0530973 0.197183 0.163399 0.0441176 0.0909091 0.1875 0.205882 0.269231 0.878378 0.205882 0.176871 0.0574713 0.136752 0.163265 0.367647 0.722892 0.293333 0.0540541 0.276316 0.247191 0.0675676 0.666667 0.0454545 0.546218 0.195402 0.057971 0.0521739 0.0545455 0.217949 0.057971 0.0652174 0.205882 0.165217 0.188976 0.205882 0.205882 0.191781 0.191781 0.166667 0.13253 0.0442478 0.28 0.132075 0.18797 0.205882 0.12963 0.145833 0.189189 0.495868 0.702381 0.202899 0.355263 0.0588235 0.153846 0.0447761 0.293333 0.0674157 0.0428571 0.27907 0.12963 0.355263 0.0666667 0.619048 0.205882 0.244444 0.0422535 0.135922 0.047619 0.247191 0.173913 0.0441176 0.0540541 0.0543478 0.0597015 0.0752688 0.154545 0.05 0.194444 0.512821 0.0689655 0.0547945 0.2 0.0512821 0.0795455 0.0506329 0.0512821 0.282051 0.293333 0.0326087 0.166667 0.0693069 0.0674157 0.075 0.606061 0.145833 0.0352941 0.0519481 0.05 0.197183 0.15528 0.194444 0.0441176 0.202899 0.247191 0.202899 0.202899 0.623529 0.168675 0.202899 0.0416667 0.0422535 0.0505051 0.355263 0.0933333 0.247191 0.594059 0.103093 0.0842105 0.07 0.0666667 0.0645161 0.197183 0.0454545 0.0652174 0.202899 0.601942 0.038961 0.039604 0.205882 0.182927 
0.130435 0.166667 0.111111 0.0422535 1 0.107143 0.0681818 0.0234375 0.137931 0.0272727 0.130435 0.130435 0.0275229 0.0810811 0.130435 0.032967 0.333333 0.04 0.133333 0.0258621 0.0638298 0.027027 0 0.130435 0.026087 0.15 0.130435 0.0625 0.0306122 0 0.0283019 0.0428571 0.0232558 0.136364 0.0275229 0.107143 0.1 0.0789474 0.128205 0.136364 0.0263158 0.0789474 0.0337079 0.0352941 0.272727 0.0517241 0.0288462 0.130435 0.0769231 0.12 0.0441176 0.0454545 0.025641 0.0909091 0.111111 0.0810811 0.0714286 0.0405405 0 0.115385 0.0338983 0.25 0.0491803 0.0322581 0.130435 0.075 0.0375 0.130435 0.0263158 0.0909091 0.0547945 0.0267857 0.0882353 0.0357143 0.0789474 0.157895 0.0789474 0.0576923 0.210526 0.037037 0.3 0.024 0.0909091 0.214286 0 0 0.0833333 0.214286 0.0769231 0.130435 0.04 0.0326087 0.130435 0.130435 0.107143 0.107143 0.0243902 0.151515 0 0.0810811 0.0491803 0.030303 0.130435 0.047619 0.102041 0.103448 0.0245902 0.0357143 0.125 0.0681818 0.230769 0.0652174 0.272727 0.0789474 0.0833333 0.7 0.0588235 0.047619 0.0681818 0.0810811 0.027027 0.130435 0.0566038 0.636364 0.0517241 0.08 0.0576923 0.0612245 0.25 0.157895 0.108108 0.25 0.1 0.0441176 0.333333 0.111111 0.0254237 0.0882353 0.166667 0.12 0.130435 0.0833333 0.125 0.130435 0.0731707 0.0789474 0.114286 0.0652174 0.0612245 0.114286 0.111111 0.03 0.0588235 0.185185 0.136364 0.0652174 0.115385 0.023622 0.111111 0.25 0.125 0.0576923 0.125 0.125 0.0379747 0.0789474 0.125 0.1875 0.636364 0.0909091 0.0681818 0.130435 0.0576923 0.0294118 0.0625 0.0681818 0.0851064 0.0810811 0.102564 0.115385 0.3 0.135135 0.125 0.0283019 0.6 0.0652174 0.130435 0.108108 
0.772727 0.142857 0.325 0.191781 0.107143 1 0.0526316 0.0359712 0.0697674 0.0327869 0.772727 0.772727 0.146789 0.152174 0.772727 0.175824 0.136364 0.045977 0.305556 0.047619 0.05 0.0325203 0.0704225 0.772727 0.0396825 0.125 0.772727 0.0393701 0.0458716 0.0684932 0.150943 0.0886076 0.0283688 0.727273 0.0330579 0.571429 0.0952381 0.0588235 0.117647 0.727273 0.031746 0.125 0.179775 0.0412371 0.125 0.298246 0.0344828 0.772727 0.0784314 0.863636 0.272727 0.261538 0.0310078 0.113636 0.535714 0.0816327 0.0740741 0.232877 0.0704225 0.68 0.0384615 0.12 0.0694444 0.0380952 0.772727 0.0566038 0.170732 0.772727 0.031746 0.0888889 0.25 0.0322581 0.0638298 0.190476 0.0588235 0.129032 0.0588235 0.0461538 0.125 0.0898876 0.181818 0.175 0.326087 0.111111 0.0684932 0.0735294 0.405405 0.153846 0.145833 0.772727 0.22973 0.0384615 0.772727 0.772727 0.692308 1 0.0373134 0.275 0.056338 0.06 0.283333 0.0454545 0.772727 0.274194 0.218182 0.607143 0.159664 0.176471 0.818182 0.0714286 0.16 0.291667 0.173913 0.0588235 0.0612245 0.111111 0.0634921 0.274194 0.0714286 0.12766 0.175926 0.772727 0.0454545 0.107143 0.298246 0.046875 0.0967742 0.3 0.166667 0.09375 0.102041 0.166667 0.0961538 0.235294 0.108108 0.653846 0.155172 0.136364 0.133333 0.64 0.114286 0.106383 0.0810811 0.114286 0.0555556 0.0588235 0.0612245 0.291667 0.0655738 0.106383 0.162162 0.148515 0.313725 0.0714286 0.117647 0.0689655 0.68 0.028777 0.653846 0.12 0.818182 0.0967742 0.818182 0.818182 0.091954 0.459459 0.818182 0.103448 0.148148 0.0517241 0.0714286 0.181818 0.0967742 0.145631 0.103448 0.0526316 0.0491803 0.12766 0.0980392 0.909091 0.181818 0.122449 0.818182 0.140187 0.193548 0.0508475 0.772727 0.384615 
0.0576923 0.0491803 0.0615385 0.271605 0.0681818 0.0526316 1 0.300813 0.0689655 0.290909 0.0576923 0.0576923 0.293578 0.0615385 0.0576923 0.351648 0.0789474 0.27381 0.05 0.275862 0.717391 0.288288 0.0222222 0.0576923 0.278261 0.0612245 0.0576923 0.275862 0.340206 0.0217391 0.301887 0.478261 0.248062 0.0588235 0.305556 0.153846 0.0877193 0.842105 0.057971 0.0588235 0.280702 0.0606061 0.234694 0.4625 0.075 0.097561 0.373737 0.0576923 0.0441176 0.0555556 0.0869565 0.0888889 0.330357 0.0833333 0.156863 0.0454545 0.761905 0.104167 0.0222222 0.0545455 0.268908 0.0731707 0.0813953 0.358696 0.0576923 0.565217 0.244444 0.0576923 0.33945 0.0483871 0.0816327 0.345794 0.466667 0.26087 0.842105 0.0625 0.489362 0.787234 0.0612245 0.269663 0.0769231 0.266129 0.0694444 0.121951 0.0217391 0.0229885 0.0967742 0.0697674 0.0597015 0.0576923 0.103093 0.305263 0.0576923 0.0576923 0.0526316 0.0526316 0.260163 0.046875 0.0111111 0.5 0.0941176 0.336735 0.0576923 0.091954 0.0506329 0.0517241 0.272727 0.380952 0.0566038 0.727273 0.0714286 0.114286 0.075 0.842105 0.192982 0.0697674 0.66 0.091954 0.727273 0.0615385 0.201681 0.0576923 0.808511 0.0681818 0.097561 0.0506329 0.647059 0.0657895 0.0731707 0.0625 0.0606061 0.0731707 0.057971 0.0989011 0.0555556 0.0535714 0.282051 0.0645161 0.0638298 0.0555556 0.0576923 0.0625 0.0769231 0.0576923 0.780488 0.842105 0.0625 0.0540541 0.0519481 0.114754 0.0727273 0.222222 0.121622 0.0701754 0.0588235 0.130435 0.0545455 0.251969 0.0535714 0.0731707 0.0566038 0.647059 0.0566038 0.0566038 0.405063 0.0447761 0.0566038 0.0666667 0.0681818 0.0547945 0.727273 0.0784314 0.647059 0.313725 0.0810811 0.1875 0.0666667 0.0615385 0.0746269 0.0545455 0.0769231 0.126984 0.0566038 0.314286 0.06 0.130435 0.0576923 0.0447761 
0.0296296 0.0206897 0.0337838 0.154321 0.0234375 0.0359712 0.300813 1 0.035461 0.751938 0.0296296 0.0296296 0.184211 0.0337838 0.0296296 0.196532 0.0245902 0.157576 0.0208333 0.718519 0.253846 0.746154 0.047619 0.0296296 0.790698 0.0225564 0.0296296 0.705882 0.222857 0.0532544 0.2 0.223684 0.666667 0.0222222 0.771654 0.0588235 0.0428571 0.262295 0.0328947 0.0222222 0.716418 0.033557 0.145251 0.348993 0.0241935 0.0609756 0.349693 0.0296296 0.0197368 0.0217391 0.0760234 0.0705882 0.834646 0.0492958 0.0592593 0.02 0.264 0.091954 0.047619 0.0289855 0.690647 0.0322581 0.10625 0.222222 0.0296296 0.2 0.146199 0.0296296 0.854839 0.041958 0.091954 0.868852 0.171875 0.149425 0.262295 0.0227273 0.175573 0.365854 0.030303 0.158824 0.0327869 0.187192 0.0454545 0.0483871 0.0532544 0.0484848 0.0704225 0.031746 0.0333333 0.0296296 0.104046 0.308176 0.0296296 0.0296296 0.0285714 0.0359712 0.757353 0.0202703 0.035503 0.176923 0.0662651 0.221591 0.0296296 0.0654762 0.0308642 0.0431655 0.178218 0.204819 0.0294118 0.269841 0.032 0.0588235 0.0325203 0.262295 0.101449 0.023622 0.255639 0.0718563 0.269841 0.0337838 0.140704 0.0296296 0.362903 0.0234375 0.0807453 0.0372671 0.244444 0.0377358 0.0322581 0.0227273 0.0405405 0.0322581 0.0328947 0.108434 0.0217391 0.0362319 0.181818 0.0344828 0.0229008 0.0217391 0.0220588 0.0340136 0.037037 0.0220588 0.256 0.262295 0.0482759 0.0451613 0.03125 0.0857143 0.028777 0.142857 0.0705128 0.0357143 0.0298507 0.0728477 0.0289855 0.675862 0.0362319 0.024 0.0294118 0.244444 0.0294118 0.037037 0.21875 0.0769231 0.0294118 0.0232558 0.0314961 0.0387097 0.269841 0.0296296 0.244444 0.191257 0.0512821 0.15942 0.044586 0.0337838 0.0469799 0.0289855 0.0327869 0.0616438 0.0294118 0.193548 0.0223881 0.0872483 0.0296296 0.0266667 
0.0789474 0.315789 0.25 0.0348837 0.137931 0.0697674 0.0689655 0.035461 1 0.0406504 0.0789474 0.0789474 0.0325203 0.195652 0.0789474 0.0380952 0.125 0.0449438 0.324324 0.0387597 0.0655738 0.0487805 0 0.0789474 0.0390625 0.0857143 0.0789474 0.0387597 0.0357143 0 0.0333333 0.047619 0.0425532 0.0810811 0.0409836 0.0697674 0.0666667 0.0769231 0.255319 0.0810811 0.0393701 0.217391 0.0288462 0.0510204 0.115385 0.0410959 0.042735 0.0789474 0.266667 0.075 0.0361446 0.037037 0.0384615 0.0851064 0.0714286 0.27907 0.0714286 0.0574713 0 0.0731707 0.0378788 0.111111 0.0675676 0.0373832 0.0789474 0.0545455 0.0315789 0.0789474 0.0393701 0.108696 0.0337079 0.04 0.0612245 0.030303 0.0769231 0.0882353 0.0566038 0.0606061 0.117647 0.03125 0.12 0.028777 0.211538 0.103448 0 0 0.0588235 0.103448 0.212766 0.0789474 0.0568182 0.0377358 0.0789474 0.0789474 0.0697674 0.0697674 0.0367647 0.292683 0 0.0576923 0.0394737 0.0353982 0.0789474 0.0384615 0.210526 0.0681818 0.0294118 0.0408163 0.0769231 0.0689655 0.107143 0.0491803 0.115385 0.0769231 0.0588235 0.103448 0.0615385 0.0384615 0.0689655 0.222222 0.0238095 0.0789474 0.0597015 0.1 0.0555556 0.210526 0.0606061 0.046875 0.111111 0.0882353 0.0980392 0.111111 0.0727273 0.0487805 0.075 0.0714286 0.030303 0.209302 0.0909091 0.075 0.0789474 0.08 0.105263 0.0789474 0.0727273 0.0769231 0.8 0.0491803 0.218182 0.227273 0.285714 0.026087 0.0454545 0.678571 0.0810811 0.0666667 0.0731707 0.0431655 0.0714286 0.111111 0.0769231 0.0606061 0.0769231 0.0769231 0.0430108 0.0566038 0.0769231 0.0967742 0.1 0.211538 0.0689655 0.28125 0.0606061 0.0344828 0.0645161 0.0689655 0.2 0.222222 0.0943396 0.0731707 0.12 0.266667 0.0769231 0.0333333 0.114286 0.122807 0.0789474 0.272727 
0.0254237 0.023622 0.0384615 0.165517 0.0272727 0.0327869 0.290909 0.751938 0.0406504 1 0.0254237 0.0254237 0.169492 0.0305344 0.0254237 0.18125 0.0288462 0.161074 0.0238095 0.893805 0.239316 0.935185 0.0326797 0.0254237 0.901786 0.026087 0.0254237 0.893805 0.202454 0.0322581 0.186047 0.208633 0.801587 0.025641 0.95283 0.0677966 0.0491803 0.247706 0.0296296 0.025641 0.90991 0.030303 0.154321 0.345588 0.0283019 0.0612245 0.337748 0.0254237 0.0223881 0.025 0.0779221 0.0718954 0.885965 0.0564516 0.0683761 0.0227273 0.25 0.0955414 0.0326797 0.0333333 0.87069 0.0377358 0.0890411 0.19375 0.034188 0.210526 0.171053 0.0254237 0.827586 0.048 0.0955414 0.842105 0.2 0.151899 0.247706 0.0263158 0.192982 0.376147 0.0350877 0.162338 0.0384615 0.167539 0.0437956 0.0566038 0.0322581 0.0333333 0.072 0.037037 0.0378788 0.0254237 0.108974 0.328671 0.0254237 0.0254237 0.0327869 0.0327869 0.841667 0.0230769 0.0261438 0.19469 0.0671141 0.20122 0.0254237 0.0662252 0.0347222 0.0409836 0.157895 0.181818 0.0252101 0.256637 0.0373832 0.0666667 0.0380952 0.247706 0.0983607 0.0275229 0.241667 0.0733333 0.256637 0.0305344 0.142077 0.0254237 0.372727 0.0272727 0.0833333 0.041958 0.229508 0.05 0.047619 0.0263158 0.0461538 0.0377358 0.0373134 0.114094 0.025 0.0330579 0.16129 0.03125 0.0265487 0.025 0.0254237 0.0387597 0.042735 0.0254237 0.241071 0.247706 0.0551181 0.0510949 0.0352113 0.0806452 0.0416667 0.144509 0.0719424 0.0409836 0.0344828 0.0909091 0.0247934 0.814516 0.0245902 0.0280374 0.0252101 0.229508 0.0252101 0.0338983 0.195946 0.0461538 0.0252101 0.027027 0.0366972 0.0437956 0.256637 0.034188 0.229508 0.169591 0.057971 0.163934 0.0503597 0.0384615 0.0534351 0.0247934 0.0384615 0.0703125 0.0252101 0.172414 0.0258621 0.0992366 0.0254237 0.0225564 
1 0.162162 0.371429 0.205882 0.130435 0.772727 0.0576923 0.0296296 0.0789474 0.0254237 1 1 0.153846 0.170732 1 0.186047 0.176471 0.0487805 0.354839 0.0325203 0.0545455 0.0252101 0.0757576 1 0.0327869 0.148148 1 0.0241935 0.0380952 0.0735294 0.158416 0.0384615 0.0218978 0.941176 0.025641 0.695652 0.108108 0.0652174 0.130435 0.941176 0.0245902 0.139535 0.190476 0.0434783 0.157895 0.326923 0.036036 1 0.0869565 0.8 0.274194 0.283333 0.024 0.128205 0.652174 0.0909091 0.06 0.25 0.0757576 0.761905 0.031746 0.15 0.0746269 0.04 0.888889 0.0625 0.181818 1 0.0245902 0.1 0.25 0.025 0.0714286 0.202532 0.0652174 0.153846 0.0652174 0.05 0.148148 0.0952381 0.166667 0.133333 0.365854 0.136364 0.0735294 0.0793651 0.46875 0.190476 0.136364 1 0.246377 0.040404 1 1 0.695652 0.772727 0.0307692 0.314286 0.0606061 0.0666667 0.309091 0.0377358 1 0.298246 0.24 0.73913 0.136752 0.1875 0.944444 0.0576923 0.2 0.325581 0.157895 0.0652174 0.0681818 0.136364 0.0508475 0.298246 0.0576923 0.142857 0.140187 1 0.0491803 0.130435 0.326923 0.0508475 0.05 0.333333 0.15 0.111111 0.113636 0.210526 0.106383 0.253968 0.125 0.809524 0.131579 0.153846 0.16 0.8 0.133333 0.119048 0.09375 0.133333 0.0612245 0.0652174 0.0681818 0.325581 0.0714286 0.119048 0.151515 0.15625 0.319149 0.0810811 0.1 0.0555556 0.85 0.0222222 0.809524 0.15 0.944444 0.05 0.944444 0.944444 0.097561 0.53125 0.944444 0.125 0.130435 0.0566038 0.0576923 0.214286 0.05 0.153061 0.113208 0.0576923 0.0535714 0.142857 0.108696 0.85 0.166667 0.136364 0.944444 0.147059 0.103448 0.0555556 1 0.441176 
1 0.162162 0.371429 0.205882 0.130435 0.772727 0.0576923 0.0296296 0.0789474 0.0254237 1 1 0.153846 0.170732 1 0.186047 0.176471 0.0487805 0.354839 0.0325203 0.0545455 0.0252101 0.0757576 1 0.0327869 0.148148 1 0.0241935 0.0380952 0.0735294 0.158416 0.0384615 0.0218978 0.941176 0.025641 0.695652 0.108108 0.0652174 0.130435 0.941176 0.0245902 0.139535 0.190476 0.0434783 0.157895 0.326923 0.036036 1 0.0869565 0.8 0.274194 0.283333 0.024 0.128205 0.652174 0.0909091 0.06 0.25 0.0757576 0.761905 0.031746 0.15 0.0746269 0.04 0.888889 0.0625 0.181818 1 0.0245902 0.1 0.25 0.025 0.0714286 0.202532 0.0652174 0.153846 0.0652174 0.05 0.148148 0.0952381 0.166667 0.133333 0.365854 0.136364 0.0735294 0.0793651 0.46875 0.190476 0.136364 1 0.246377 0.040404 1 1 0.695652 0.772727 0.0307692 0.314286 0.0606061 0.0666667 0.309091 0.0377358 1 0.298246 0.24 0.73913 0.136752 0.1875 0.944444 0.0576923 0.2 0.325581 0.157895 0.0652174 0.0681818 0.136364 0.0508475 0.298246 0.0576923 0.142857 0.140187 1 0.0491803 0.130435 0.326923 0.0508475 0.05 0.333333 0.15 0.111111 0.113636 0.210526 0.106383 0.253968 0.125 0.809524 0.131579 0.153846 0.16 0.8 0.133333 0.119048 0.09375 0.133333 0.0612245 0.0652174 0.0681818 0.325581 0.0714286 0.119048 0.151515 0.15625 0.319149 0.0810811 0.1 0.0555556 0.85 0.0222222 0.809524 0.15 0.944444 0.05 0.944444 0.944444 0.097561 0.53125 0.944444 0.125 0.130435 0.0566038 0.0576923 0.214286 0.05 0.153061 0.113208 0.0576923 0.0535714 0.142857 0.108696 0.85 0.166667 0.136364 0.944444 0.147059 0.103448 0.0555556 1 0.441176 
0.153846 0.0487805 0.116667 0.46087 0.0275229 0.146789 0.293578 0.184211 0.0325203 0.169492 0.153846 0.153846 1 0.0634921 0.153846 0.757009 0.0291262 0.23741 0.0940171 0.17033 0.384615 0.168539 0.0466667 0.153846 0.171271 0.0353982 0.153846 0.163934 0.258065 0.0460526 0.87963 0.42735 0.177083 0.15534 0.177143 0.146789 0.0495868 0.31068 0.0534351 0.15534 0.172222 0.0546875 0.805825 0.238095 0.0485437 0.123188 0.218182 0.153846 0.0381679 0.150943 0.114865 0.116438 0.195531 0.0833333 0.137615 0.0387597 0.336538 0.147651 0.0466667 0.149533 0.167568 0.0380952 0.120567 0.258278 0.153846 0.317308 0.46281 0.153846 0.205714 0.0483871 0.117647 0.194286 0.259615 0.60177 0.31068 0.0357143 0.298077 0.284483 0.0540541 0.521368 0.0288462 0.644444 0.136 0.0373832 0.0460526 0.047619 0.166667 0.0373832 0.0542636 0.153846 0.146667 0.166667 0.153846 0.153846 0.168224 0.146789 0.170213 0.0909091 0.04 0.288462 0.120567 0.264516 0.153846 0.118881 0.104478 0.145455 0.646617 0.60177 0.152381 0.342857 0.0377358 0.117188 0.0384615 0.31068 0.0555556 0.0277778 0.409524 0.118881 0.342857 0.0551181 0.529412 0.153846 0.282051 0.037037 0.123188 0.0422535 0.366972 0.140625 0.0380952 0.0357143 0.0384615 0.0380952 0.0615385 0.114865 0.0338983 0.148148 0.653846 0.0564516 0.036036 0.150943 0.0344828 0.064 0.0431034 0.0344828 0.339806 0.31068 0.0310078 0.117188 0.0503597 0.0813008 0.0508475 0.551181 0.129771 0.0327869 0.0347826 0.0437956 0.149533 0.172775 0.148148 0.0480769 0.152381 0.366972 0.152381 0.152381 0.530435 0.134454 0.152381 0.0272727 0.0275229 0.0441176 0.342857 0.0619469 0.366972 0.658333 0.0740741 0.0681818 0.0583942 0.0551181 0.0458015 0.149533 0.0288462 0.0461538 0.152381 0.691667 0.026087 0.0437956 0.153846 0.125 
0.170732 0.23913 0.291667 0.0786517 0.0810811 0.152174 0.0615385 0.0337838 0.195652 0.0305344 0.170732 0.170732 0.0634921 1 0.170732 0.0740741 0.0967742 0.0638298 0.272727 0.0291971 0.0588235 0.0381679 0.0119048 0.170732 0.0294118 0.097561 0.170732 0.0291971 0.0423729 0.0116279 0.0650407 0.0555556 0.0266667 0.175 0.0307692 0.152174 0.0784314 0.0677966 0.2 0.175 0.0373134 0.702703 0.0754717 0.0377358 0.0909091 0.0921053 0.032 0.170732 0.185185 0.162791 0.0813953 0.0833333 0.0289855 0.137255 0.130435 0.192308 0.0634921 0.0879121 0.0119048 0.159091 0.0359712 0.0882353 0.0617284 0.0442478 0.170732 0.0655738 0.0714286 0.170732 0.0296296 0.0943396 0.076087 0.0300752 0.0727273 0.0792079 0.0677966 0.1 0.0677966 0.0547945 0.125 0.06 0.09375 0.0638298 0.25 0.0833333 0.0116279 0.0123457 0.109091 0.147059 0.72973 0.170732 0.0869565 0.0353982 0.170732 0.170732 0.152174 0.152174 0.0277778 0.25 0.0120482 0.0689655 0.0886076 0.0420168 0.170732 0.0864198 0.206349 0.148936 0.0652174 0.0792079 0.166667 0.0615385 0.117647 0.0923077 0.0909091 0.0677966 0.0701754 0.0833333 0.0555556 0.0864198 0.0615385 0.771429 0.0625 0.170732 0.0540541 0.0810811 0.0921053 0.151515 0.0547945 0.104478 0.0882353 0.0731707 0.105263 0.121212 0.1 0.0689655 0.0869565 0.155556 0.0671642 0.903226 0.102564 0.162791 0.0909091 0.109091 0.0652174 0.0909091 0.0645161 0.0677966 0.196078 0.0923077 0.174603 0.150943 0.405405 0.0683761 0.101449 0.2 0.0930233 0.0597015 0.159091 0.027027 0.181818 0.0882353 0.166667 0.0547945 0.166667 0.166667 0.0505051 0.125 0.166667 0.108108 0.0810811 0.166667 0.0615385 0.548387 0.0547945 0.0762712 0.106061 0.0615385 0.15873 0.771429 0.101695 0.159091 0.09375 0.230769 0.166667 0.0737705 0.0697674 0.0597015 0.170732 0.26 
1 0.162162 0.371429 0.205882 0.130435 0.772727 0.0576923 0.0296296 0.0789474 0.0254237 1 1 0.153846 0.170732 1 0.186047 0.176471 0.0487805 0.354839 0.0325203 0.0545455 0.0252101 0.0757576 1 0.0327869 0.148148 1 0.0241935 0.0380952 0.0735294 0.158416 0.0384615 0.0218978 0.941176 0.025641 0.695652 0.108108 0.0652174 0.130435 0.941176 0.0245902 0.139535 0.190476 0.0434783 0.157895 0.326923 0.036036 1 0.0869565 0.8 0.274194 0.283333 0.024 0.128205 0.652174 0.0909091 0.06 0.25 0.0757576 0.761905 0.031746 0.15 0.0746269 0.04 0.888889 0.0625 0.181818 1 0.0245902 0.1 0.25 0.025 0.0714286 0.202532 0.0652174 0.153846 0.0652174 0.05 0.148148 0.0952381 0.166667 0.133333 0.365854 0.136364 0.0735294 0.0793651 0.46875 0.190476 0.136364 1 0.246377 0.040404 1 1 0.695652 0.772727 0.0307692 0.314286 0.0606061 0.0666667 0.309091 0.0377358 1 0.298246 0.24 0.73913 0.136752 0.1875 0.944444 0.0576923 0.2 0.325581 0.157895 0.0652174 0.0681818 0.136364 0.0508475 0.298246 0.0576923 0.142857 0.140187 1 0.0491803 0.130435 0.326923 0.0508475 0.05 0.333333 0.15 0.111111 0.113636 0.210526 0.106383 0.253968 0.125 0.809524 0.131579 0.153846 0.16 0.8 0.133333 0.119048 0.09375 0.133333 0.0612245 0.0652174 0.0681818 0.325581 0.0714286 0.119048 0.151515 0.15625 0.319149 0.0810811 0.1 0.0555556 0.85 0.0222222 0.809524 0.15 0.944444 0.05 0.944444 0.944444 0.097561 0.53125 0.944444 0.125 0.130435 0.0566038 0.0576923 0.214286 0.05 0.153061 0.113208 0.0576923 0.0535714 0.142857 0.108696 0.85 0.166667 0.136364 0.944444 0.147059 0.103448 0.0555556 1 0.441176 
0.186047 0.0571429 0.137255 0.578947 0.032967 0.175824 0.351648 0.196532 0.0380952 0.18125 0.186047 0.186047 0.757009 0.0740741 0.186047 1 0.0352941 0.184615 0.111111 0.181818 0.340426 0.180124 0.0530303 0.186047 0.182927 0.0421053 0.186047 0.174699 0.273381 0.0522388 0.697248 0.318584 0.162011 0.188235 0.189873 0.175824 0.0686275 0.376471 0.0619469 0.188235 0.176829 0.0636364 0.6 0.261538 0.0344828 0.132231 0.244898 0.186047 0.0535714 0.181818 0.122137 0.124031 0.209877 0.0873786 0.164835 0.0545455 0.406977 0.167939 0.0530303 0.206897 0.178571 0.0340909 0.111111 0.274074 0.186047 0.265957 0.558824 0.186047 0.221519 0.046729 0.125 0.208861 0.269663 0.523364 0.376471 0.0425532 0.231579 0.336735 0.0531915 0.428571 0.0348837 0.533835 0.158879 0.0568182 0.0522388 0.0542636 0.197917 0.0449438 0.0630631 0.186047 0.166667 0.17931 0.186047 0.186047 0.175824 0.175824 0.181287 0.106796 0.0454545 0.234043 0.129032 0.271429 0.186047 0.126984 0.130435 0.173913 0.55814 0.715789 0.183908 0.413793 0.0454545 0.126126 0.0344828 0.376471 0.0747664 0.0333333 0.354167 0.126984 0.413793 0.0642202 0.461538 0.186047 0.333333 0.0444444 0.132231 0.0569106 0.323232 0.174312 0.0340909 0.0425532 0.0540541 0.045977 0.0619469 0.130769 0.04 0.177778 0.539062 0.0660377 0.0430108 0.209302 0.0408163 0.0648148 0.0510204 0.0408163 0.363636 0.376471 0.036036 0.146789 0.0666667 0.0747664 0.06 0.455285 0.140351 0.0384615 0.0412371 0.0416667 0.179775 0.163842 0.177778 0.045977 0.183908 0.323232 0.183908 0.183908 0.533981 0.158416 0.183908 0.0326087 0.032967 0.0598291 0.413793 0.0736842 0.323232 0.616071 0.0854701 0.0789474 0.0762712 0.0642202 0.0625 0.179775 0.0348837 0.0535714 0.183908 0.608696 0.0309278 0.0330579 0.186047 0.147059 
0.176471 0.115385 0.0967742 0.0461538 0.333333 0.136364 0.0789474 0.0245902 0.125 0.0288462 0.176471 0.176471 0.0291262 0.0967742 0.176471 0.0352941 1 0.0434783 0.12 0.0272727 0.0731707 0.0285714 0 0.176471 0.0275229 0.214286 0.176471 0.0272727 0.0326087 0 0.03 0.046875 0.0243902 0.1875 0.0291262 0.136364 0.125 0.09375 0.0857143 0.1875 0.0277778 0.09375 0.0361446 0.0379747 0.6 0.0576923 0.0306122 0.176471 0.0909091 0.157895 0.0483871 0.05 0.027027 0.111111 0.142857 0.0967742 0.0833333 0.0441176 0 0.15 0.0265487 0.5 0.0545455 0.0344828 0.176471 0.0882353 0.0405405 0.176471 0.0277778 0.111111 0.0441176 0.0283019 0.107143 0.0384615 0.09375 0.230769 0.09375 0.0652174 0.214286 0.04 0.75 0.0252101 0.0769231 0.375 0 0 0.1 0.375 0.0909091 0.176471 0.0434783 0.0348837 0.176471 0.176471 0.136364 0.136364 0.025641 0.103448 0 0.0967742 0.0545455 0.0322581 0.176471 0.0526316 0.0666667 0.130435 0.0258621 0.0384615 0.166667 0.0789474 0.428571 0.075 0.6 0.09375 0.1 0.375 0.0666667 0.0526316 0.0789474 0.0967742 0.0285714 0.176471 0.0638298 0.333333 0.0576923 0.0666667 0.0652174 0.0697674 0.5 0.230769 0.09375 0.5 0.0857143 0.0483871 0.157895 0.142857 0.0267857 0.107143 0.25 0.157895 0.176471 0.1 0.166667 0.176471 0.0857143 0.09375 0.1 0.075 0.0697674 0.1 0.142857 0.0319149 0.0666667 0.130435 0.1875 0.075 0.15 0.0247934 0.142857 0.5 0.166667 0.0652174 0.166667 0.166667 0.0410959 0.09375 0.166667 0.3 0.333333 0.0769231 0.0789474 0.176471 0.0652174 0.03125 0.0714286 0.0789474 0.0714286 0.0967742 0.0882353 0.15 0.75 0.0909091 0.166667 0.03 0.2 0.075 0.176471 0.09375 
0.0487805 0.043956 0.0752688 0.196429 0.04 0.045977 0.27381 0.157576 0.0449438 0.161074 0.0487805 0.0487805 0.23741 0.0638298 0.0487805 0.184615 0.0434783 1 0.0444444 0.162338 0.375 0.167785 0.025 0.0487805 0.155844 0.0506329 0.0487805 0.169935 0.548077 0.0245902 0.233577 0.291262 0.170732 0.0493827 0.162162 0.0581395 0.0813953 0.278481 0.04 0.0493827 0.164474 0.0631579 0.266667 0.193548 0.0422535 0.0521739 0.184397 0.0487805 0.0736842 0.047619 0.048 0.0487805 0.16129 0.0549451 0.0588235 0.0752688 0.26506 0.0703125 0.025 0.0470588 0.166667 0.0416667 0.0877193 0.575758 0.0487805 0.410959 0.191667 0.0487805 0.164474 0.0909091 0.0458015 0.166667 0.328767 0.278261 0.278481 0.0512821 0.422535 0.25 0.0506329 0.263158 0.0428571 0.197452 0.0693069 0.0694444 0.0245902 0.025641 0.11236 0.1 0.0625 0.0487805 0.0697674 0.192308 0.0487805 0.0487805 0.045977 0.045977 0.148148 0.0425532 0.0166667 0.428571 0.0508475 0.542857 0.0487805 0.05 0.0654206 0.0574713 0.20915 0.195122 0.0481928 0.258824 0.101449 0.0582524 0.0422535 0.278481 0.11236 0.0405405 0.357143 0.05 0.258824 0.0638298 0.216783 0.0487805 0.247312 0.04 0.0614035 0.0754717 0.352941 0.0666667 0.0416667 0.0379747 0.0744681 0.0869565 0.0505051 0.0650407 0.047619 0.0465116 0.214765 0.0659341 0.0519481 0.047619 0.0487805 0.0531915 0.0357143 0.0487805 0.316456 0.278481 0.0421053 0.0582524 0.0873786 0.0531915 0.0714286 0.234848 0.0654206 0.0454545 0.0365854 0.0686275 0.0470588 0.165644 0.0465116 0.0416667 0.0481928 0.352941 0.0481928 0.0481928 0.224138 0.0631579 0.0481928 0.0394737 0.04 0.08 0.258824 0.075 0.352941 0.213235 0.0571429 0.103093 0.0882353 0.0638298 0.0842105 0.0470588 0.0428571 0.0515464 0.0481928 0.233577 0.037037 0.0686275 0.0487805 0.0520833 
0.354839 0.645161 0.75 0.139241 0.133333 0.305556 0.05 0.0208333 0.324324 0.0238095 0.354839 0.354839 0.0940171 0.272727 0.354839 0.111111 0.12 0.0444444 1 0.0227273 0.047619 0.031746 0.0394737 0.354839 0.0307692 0.0833333 0.354839 0.0305344 0.0263158 0.0384615 0.0964912 0.0348837 0.0277778 0.366667 0.024 0.305556 0.0652174 0.0555556 0.5 0.366667 0.0230769 0.266667 0.113402 0.04 0.111111 0.166667 0.0336134 0.354839 0.288889 0.333333 0.144737 0.148649 0.0225564 0.106383 0.314286 0.302326 0.0517241 0.148148 0.0394737 0.323529 0.0298507 0.107143 0.0526316 0.0275229 0.354839 0.0535714 0.125 0.354839 0.0230769 0.0833333 0.148148 0.0234375 0.06 0.119565 0.0555556 0.0857143 0.0555556 0.0441176 0.147059 0.0752688 0.115385 0.0827068 0.6 0.1 0.0384615 0.0410959 0.25 0.1 0.26087 0.354839 0.146341 0.0373832 0.354839 0.354839 0.305556 0.305556 0.0289855 0.862069 0.04 0.0566038 0.15942 0.026087 0.354839 0.15493 0.555556 0.297297 0.0846154 0.119565 0.34375 0.05 0.103448 0.203704 0.111111 0.0555556 0.0784314 0.137931 0.0447761 0.15493 0.05 0.272727 0.092437 0.354839 0.0434783 0.133333 0.166667 0.206897 0.0441176 0.192982 0.107143 0.0857143 0.0754717 0.107143 0.0909091 0.144737 0.1 0.314286 0.0873016 0.261905 0.0882353 0.333333 0.0769231 0.1 0.075 0.0769231 0.0526316 0.0555556 0.27907 0.203704 0.236364 0.145833 0.352941 0.101852 0.186441 0.297297 0.0789474 0.0655738 0.323529 0.028169 0.314286 0.107143 0.34375 0.0441176 0.34375 0.34375 0.0769231 0.23913 0.34375 0.09375 0.133333 0.207547 0.05 0.4 0.0441176 0.1 0.0983607 0.0677966 0.196429 0.272727 0.0727273 0.323529 0.115385 0.526316 0.34375 0.0964912 0.111111 0.0833333 0.354839 0.78125 
0.0325203 0.0225564 0.0444444 0.166667 0.0258621 0.047619 0.275862 0.718519 0.0387597 0.893805 0.0325203 0.0325203 0.17033 0.0291971 0.0325203 0.181818 0.0272727 0.162338 0.0227273 1 0.227642 0.885965 0.0379747 0.0325203 0.855932 0.0247934 0.0325203 0.848739 0.195266 0.0375 0.186441 0.208333 0.765152 0.0327869 0.901786 0.0731707 0.046875 0.234783 0.0283688 0.0327869 0.863248 0.0289855 0.155689 0.340426 0.0267857 0.0657895 0.333333 0.0325203 0.0214286 0.0403226 0.0886076 0.0828025 0.841667 0.0538462 0.0737705 0.0217391 0.237288 0.0920245 0.0379747 0.04 0.827869 0.0357143 0.1 0.193939 0.0409836 0.2 0.171975 0.0325203 0.786885 0.0458015 0.0987654 0.8 0.189655 0.153374 0.234783 0.025 0.183333 0.356522 0.0333333 0.15625 0.0363636 0.174359 0.0492958 0.0535714 0.0375 0.0320513 0.0769231 0.0350877 0.0437956 0.0325203 0.104938 0.315436 0.0325203 0.0325203 0.0393701 0.047619 0.801587 0.0220588 0.0316456 0.184874 0.0784314 0.194118 0.0325203 0.0705128 0.0333333 0.0472441 0.164948 0.18239 0.0322581 0.243697 0.0353982 0.0791367 0.036036 0.234783 0.102362 0.026087 0.230159 0.0774194 0.243697 0.0291971 0.149733 0.0325203 0.353448 0.0258621 0.0945946 0.0402685 0.228346 0.0479452 0.0357143 0.025 0.0441176 0.0357143 0.0357143 0.131579 0.0238095 0.0396825 0.168421 0.0298507 0.0252101 0.032 0.0241935 0.037037 0.0406504 0.0241935 0.228814 0.234783 0.0526316 0.048951 0.0337838 0.0769231 0.048 0.146067 0.0839161 0.0390625 0.0327869 0.0869565 0.031746 0.776923 0.0314961 0.0265487 0.0322581 0.228346 0.0322581 0.0406504 0.188312 0.0441176 0.0322581 0.025641 0.0347826 0.041958 0.243697 0.0325203 0.228346 0.170455 0.0555556 0.165354 0.0482759 0.0367647 0.0510949 0.04 0.0363636 0.0671642 0.0322581 0.173184 0.0330579 0.0948905 0.0325203 0.0289855 
0.0545455 0.046875 0.0588235 0.261905 0.0638298 0.05 0.717391 0.253846 0.0655738 0.239316 0.0545455 0.0545455 0.384615 0.0588235 0.0545455 0.340426 0.0731707 0.375 0.047619 0.227642 1 0.237288 0.0106383 0.0545455 0.229508 0.0576923 0.0545455 0.227642 0.33 0.0104167 0.39604 0.640625 0.223881 0.0555556 0.252174 0.0677966 0.0655738 0.780488 0.0555556 0.0555556 0.231405 0.057971 0.333333 0.37931 0.0697674 0.0449438 0.311321 0.0545455 0.0422535 0.0526316 0.040404 0.0412371 0.277311 0.0793651 0.0689655 0.0434783 0.711111 0.0582524 0.0106383 0.0517241 0.222222 0.0681818 0.103448 0.347368 0.0545455 0.829268 0.25 0.0545455 0.284483 0.0625 0.0380952 0.289474 0.533333 0.367816 0.780488 0.0588235 0.738095 0.611111 0.0576923 0.380952 0.0714286 0.344538 0.0666667 0.0888889 0.0104167 0.010989 0.0757576 0.0652174 0.0571429 0.0545455 0.0576923 0.245098 0.0545455 0.0545455 0.05 0.05 0.215385 0.0447761 0 0.756098 0.0434783 0.326733 0.0545455 0.0425532 0.0487805 0.0491803 0.353448 0.367816 0.0535714 0.680851 0.0666667 0.0519481 0.0697674 0.780488 0.109375 0.0652174 0.911111 0.0425532 0.680851 0.0588235 0.280702 0.0545455 0.6 0.0638298 0.0449438 0.0487805 0.891304 0.05 0.0681818 0.0588235 0.0428571 0.0681818 0.0555556 0.0510204 0.0526316 0.0508475 0.366071 0.0615385 0.06 0.0526316 0.0545455 0.0597015 0.0727273 0.0545455 0.853659 0.780488 0.0597015 0.0384615 0.05 0.0923077 0.0689655 0.31068 0.0617284 0.0666667 0.0555556 0.0657895 0.0517241 0.218045 0.0508475 0.0681818 0.0535714 0.891304 0.0535714 0.0535714 0.461538 0.0428571 0.0535714 0.0625 0.0638298 0.0526316 0.680851 0.0740741 0.891304 0.37 0.0641026 0.112676 0.0641026 0.0588235 0.056338 0.0517241 0.0714286 0.0571429 0.0535714 0.41 0.0566038 0.0657895 0.0545455 0.0428571 
0.0252101 0.0314961 0.0461538 0.164384 0.027027 0.0325203 0.288288 0.746154 0.0487805 0.935185 0.0252101 0.0252101 0.168539 0.0381679 0.0252101 0.180124 0.0285714 0.167785 0.031746 0.885965 0.237288 1 0.0258065 0.0252101 0.893805 0.0258621 0.0252101 0.885965 0.208589 0.0254777 0.184971 0.207143 0.795276 0.0254237 0.943925 0.0672269 0.0487805 0.245455 0.037037 0.0254237 0.901786 0.0378788 0.153374 0.333333 0.0280374 0.0608108 0.326797 0.0252101 0.0298507 0.0247934 0.0774194 0.0714286 0.894737 0.056 0.0677966 0.030303 0.247788 0.0880503 0.0258065 0.0330579 0.863248 0.0373832 0.0958904 0.207547 0.0338983 0.208696 0.169935 0.0252101 0.836207 0.056 0.0949367 0.850877 0.198198 0.150943 0.245455 0.026087 0.191304 0.372727 0.0347826 0.16129 0.0380952 0.172775 0.0510949 0.0560748 0.0254777 0.0263158 0.0714286 0.0366972 0.0454545 0.0252101 0.101266 0.326389 0.0252101 0.0252101 0.0325203 0.0325203 0.834711 0.0307692 0.0193548 0.192982 0.0666667 0.207317 0.0252101 0.0657895 0.0416667 0.0406504 0.163158 0.180645 0.025 0.254386 0.037037 0.0583942 0.0377358 0.245455 0.115702 0.0272727 0.239669 0.0728477 0.254386 0.0381679 0.147541 0.0252101 0.369369 0.027027 0.0753425 0.048951 0.227642 0.0422535 0.0373832 0.026087 0.0458015 0.0373832 0.037037 0.10596 0.0247934 0.0327869 0.166667 0.0390625 0.0263158 0.0247934 0.0252101 0.0384615 0.0423729 0.0252101 0.238938 0.245455 0.0629921 0.0431655 0.0422535 0.08 0.05 0.150289 0.0638298 0.0491803 0.034188 0.0902256 0.0245902 0.808 0.0243902 0.0277778 0.025 0.227642 0.025 0.0336134 0.194631 0.0378788 0.025 0.0267857 0.0363636 0.0510949 0.254386 0.042735 0.227642 0.168605 0.057554 0.162602 0.057554 0.0461538 0.0530303 0.0245902 0.0380952 0.078125 0.025 0.171429 0.025641 0.0984848 0.0252101 0.0300752 
0.0757576 0.038961 0.0365854 0.0530973 0 0.0704225 0.0222222 0.047619 0 0.0326797 0.0757576 0.0757576 0.0466667 0.0119048 0.0757576 0.0530303 0 0.025 0.0394737 0.0379747 0.0106383 0.0258065 1 0.0757576 0.0251572 0 0.0757576 0.0314465 0.035461 0.964286 0.047619 0.026087 0.0411765 0.0606061 0.0261438 0.0704225 0.238095 0.0117647 0.0470588 0.0606061 0.0451613 0.0117647 0.0538462 0.0472441 0 0.104167 0.0482759 0.0757576 0.0235294 0.057971 0.0841121 0.0857143 0.0248447 0.0253165 0.0714286 0.0119048 0.011236 0.150943 1 0.0724638 0.0308642 0 0.0792079 0.0367647 0.0597015 0.0114943 0.0666667 0.0757576 0.0253165 0.0253165 0.0990991 0.025641 0.0123457 0.047619 0.0117647 0 0.0117647 0.0309278 0.0149254 0.057377 0 0.0484848 0.0689655 0.0689655 0.964286 0.944444 0.0769231 0.0163934 0.0116279 0.0757576 0.160377 0.0447761 0.0757576 0.0757576 0.0555556 0.0704225 0.0239521 0.0375 0.910714 0.0119048 0.09 0.0352113 0.0757576 0.0882353 0.0645161 0.1 0.0559006 0.047619 0.0746269 0.010989 0.0166667 0.0681818 0 0.0117647 0.05 0 0.0102041 0.0990099 0.010989 0.0119048 0.06 0.0757576 0.0306122 0.016129 0.0707071 0.0206186 0.010101 0.385714 0 0 0.0617284 0.0169492 0.0113636 0.0740741 0 0.102941 0.0506329 0.0123457 0 0.0735294 0 0.0120482 0.0285714 0 0.0113636 0.0117647 0 0.402985 0.0210526 0.0243902 0.0135135 0.0647482 0.076087 0 0 0.032967 0.104478 0.0416667 0.102941 0 0.0746269 0.010101 0.0746269 0.0746269 0.0583333 0.102564 0.0746269 0 0 0.0108696 0.010989 0.0142857 0.010101 0.056338 0.0434783 0.0454545 0.0105263 0.0119048 0.060241 0.0724638 0 0.0481928 0.0746269 0.047619 0 0.0444444 0.0757576 0.075 
